003
004
005
024
055
094
095
108
138
150
153
175
191
192
200
207
236
247
253
255
260
270
271
272
275
281
282
299
300
301
303
307
326
327
329
335
341
346
361
363
368
375
403
408
431
436
438
439
451
453
456
458
465
466
470
471
484
492
495
496
498
500
502
513
514
517
526
529
533
543
552
561
578
581
587
601
605
606
607
608
611
612
616
622
625
626
627
629
635
638
640
647
648
659
660
662
664
666
673
674
677
679
685
686
687
689
690
695
699
700
703
715
720
726
733
734
735
738
739
741
748
751
752
754
755
757
759
764
775
776
781
783
789
794
798
