004
005
006
007
042
085
086
092
095
117
119
125
137
138
139
145
158
170
172
196
216
233
234
235
248
249
251
255
257
263
264
265
269
271
272
273
279
299
303
306
313
327
328
331
340
341
343
345
351
353
355
358
365
368
371
376
378
383
389
400
408
412
415
416
417
423
429
431
434
437
443
444
445
447
454
456
467
471
473
477
480
493
495
497
513
517
525
526
533
537
542
577
583
587
602
606
607
619
623
629
634
638
640
647
660
662
666
687
689
698
703
704
707
708
709
711
718
721
731
734
735
738
739
743
744
745
755
761
762
784
785
787
795
796
797
798
801
